-100	-100	-100	-100	-100	-100	-100	-100	-100	-100	-100	-100	-100	-100	-100	-100	-100	-100	-100	-100	-100	-100	-100	-100	-100	-100	-102	-100	-100	-100	0	-100	-100	-100	-100	-100	-100	-100	-100	-100	-100	-100	-100	-100	-100	-100	-100	-100	0	-100	-101	-101	-101	-101	-101	-101	-101	-101	-101	-99
-1	-1	-1	-1	-1	-1	-1	-1	-1	-1	-1	-1	-1	-1	-1	-1	-1	-1	-1	-1	-1	-1	-1	-1	-1	-1	-102	-1	-1	-1	2	-1	-1	-1	-1	-1	-1	-1	-1	-1	-1	-1	-1	-1	-1	-1	-1	-1	1	-1	-101	-101	-101	-101	-101	-101	-101	-101	-101	-99
3	-2	-2	-2	-2	-2	-2	-2	-2	-2	-2	-2	-2	-2	-2	-2	-2	-2	-2	-2	-2	-2	3	-2	-2	-2	-102	-2	4	3	-2	-2	-2	-2	-2	-2	-2	3	3	3	3	3	3	3	-2	3	3	-2	-2	3	-101	-101	-101	-101	-101	-101	-101	-101	-101	-99
5	-3	-3	-3	-3	-3	-3	-3	-3	-3	-3	-3	-3	-3	-3	-3	-3	-3	-3	-3	-3	-3	6	-3	-3	-3	-102	-3	5	6	-3	-3	-3	-3	-3	-3	-3	5	6	5	5	5	5	5	-3	5	5	-3	-3	6	-101	-101	-101	-101	-101	-101	-101	-101	-101	-99
7	-4	-4	-4	-4	-4	-4	-4	-4	-4	-4	-4	-4	-4	-4	-4	-4	-4	-4	-4	-4	-4	16	-4	-4	-4	-102	-4	-4	16	-4	-4	-4	-4	-4	-4	-4	8	16	10	9	11	12	14	-4	15	13	-4	-4	16	-101	-101	-101	-101	-101	-101	-101	-101	-101	-99
-5	-5	-5	-5	-5	-5	-5	-5	-5	-5	-5	-5	-5	-5	-5	-5	-5	-5	-5	-5	-5	-5	-5	-5	-5	-5	-102	-5	17	-5	-5	-5	-5	-5	-5	-5	-5	-5	-5	-5	-5	-5	-5	-5	-5	-5	-5	-5	-5	-5	-101	-101	-101	-101	-101	-101	-101	-101	-101	-99
-6	-6	-6	-6	-6	-6	-6	-6	-6	-6	-6	-6	-6	-6	-6	-6	-6	-6	-6	-6	-6	-6	-6	-6	-6	-6	-102	-6	-6	-6	-6	-6	-6	-6	-6	-6	-6	-6	-6	-6	-6	-6	-6	18	-6	-6	-6	-6	-6	-6	-101	-101	-101	-101	-101	-101	-101	-101	-101	-99
-7	-7	-7	-7	-7	-7	-7	-7	-7	-7	-7	-7	-7	-7	-7	-7	-7	-7	-7	-7	-7	-7	-7	19	-7	-7	-102	-7	-7	-7	-7	-7	-7	-7	-7	-7	-7	-7	-7	-7	-7	-7	-7	-7	-7	-7	-7	20	-7	-7	-101	-101	-101	-101	-101	-101	-101	-101	-101	-99
-8	-8	-8	-8	-8	-8	-8	-8	-8	-8	-8	-8	-8	-8	-8	-8	-8	-8	-8	-8	-8	-8	-8	-8	-8	-8	-102	-8	-8	-8	-8	-8	21	22	23	24	25	-8	-8	-8	-8	-8	-8	-8	-8	-8	-8	-8	-8	-8	-101	-101	-101	-101	-101	-101	-101	-101	-101	-99
-9	-9	-9	-9	-9	-9	-9	-9	-9	-9	-9	-9	-9	-9	-9	-9	-9	-9	-9	-9	26	-9	-9	-9	-9	-9	-102	-9	-9	-9	-9	-9	-9	-9	-9	-9	-9	-9	-9	-9	-9	-9	-9	-9	-9	-9	-9	-9	-9	-9	-101	-101	-101	-101	-101	-101	-101	-101	-101	-99
-10	-10	-10	-10	-10	-10	-10	-10	-10	-10	-10	-10	-10	-10	-10	-10	-10	-10	-10	-10	-10	28	-10	27	-10	-10	-102	-10	-10	-10	-10	-10	-10	-10	-10	-10	-10	-10	-10	-10	-10	-10	-10	-10	-10	-10	-10	-10	-10	-10	-101	-101	-101	-101	-101	-101	-101	-101	-101	-99
29	-11	-11	-11	-11	-11	-11	-11	-11	-11	-11	-11	-11	-11	-11	-11	-11	-11	-11	-11	-11	-11	-11	-11	-11	-11	-102	-11	-11	-11	-11	-11	-11	-11	-11	-11	-11	-11	-11	-11	-11	-11	-11	-11	-11	-11	-11	-11	-11	-11	-101	-101	-101	-101	-101	-101	-101	-101	-101	-99
32	-12	-12	-12	-12	-12	-12	-12	-12	-12	-12	-12	-12	-12	-12	-12	-12	-12	-12	-12	-12	-12	-12	-12	-12	-12	-102	-12	-12	-12	-12	-12	-12	-12	-12	-12	-12	-12	-12	-12	-12	-12	-12	-12	-12	-12	-12	-12	-12	-12	-101	-101	-101	-101	-101	-101	-101	-101	-101	-99
-13	-13	-13	-13	-13	-13	-13	-13	-13	-13	-13	-13	-13	-13	-13	-13	-13	-13	-13	-13	30	-13	-13	31	-13	-13	-102	-13	-13	-13	-13	-13	-13	-13	-13	-13	-13	-13	-13	-13	-13	-13	-13	-13	-13	-13	-13	31	-13	-13	-101	-101	-101	-101	-101	-101	-101	-101	-101	-99
33	-14	-14	-14	-14	-14	-14	-14	-14	-14	-14	-14	-14	-14	-14	-14	-14	-14	-14	-14	-14	-14	-14	-14	-14	-14	-102	-14	-14	-14	-14	-14	-14	-14	-14	-14	-14	-14	-14	-14	-14	-14	-14	-14	-14	-14	-14	-14	-14	-14	-101	-101	-101	-101	-101	-101	-101	-101	-101	-99
34	-15	-15	-15	-15	-15	-15	-15	-15	-15	-15	-15	-15	-15	-15	-15	-15	-15	-15	-15	-15	-15	-15	-15	-15	-15	-102	-15	-15	-15	-15	-15	-15	-15	-15	-15	-15	-15	-15	-15	-15	-15	-15	-15	-15	-15	-15	-15	-15	-15	-101	-101	-101	-101	-101	-101	-101	-101	-101	-99
37	-16	-16	-16	-16	-16	-16	-16	-16	-16	-16	-16	-16	-16	-16	-16	-16	-16	-16	-16	-16	-16	-16	-16	-16	-16	-102	-16	-16	-16	-16	-16	-16	-16	-16	-16	-16	-16	-16	-16	-16	-16	-16	-16	-16	-16	-16	-16	-16	-16	-101	-101	-101	-101	-101	-101	-101	-101	-101	-99
-17	-17	-17	-17	36	36	36	36	36	36	36	36	36	36	36	36	36	36	-17	36	35	36	-17	36	-17	-17	-102	36	-17	-17	-17	-17	-17	-17	-17	-17	-17	-17	-17	-17	-17	-17	-17	-17	-17	-17	-17	-17	-17	-17	-101	-101	-101	-101	-101	-101	-101	-101	-101	-99
-18	-18	-18	-18	-18	-18	-18	-18	-18	-18	-18	-18	-18	-18	-18	-18	-18	-18	-18	-18	38	-18	-18	-18	-18	-18	-102	-18	-18	-18	-18	-18	-18	-18	-18	-18	-18	-18	-18	-18	-18	-18	-18	-18	-18	-18	-18	-18	-18	-18	-101	-101	-101	-101	-101	-101	-101	-101	-101	-99
-19	-19	-19	-19	-19	-19	-19	-19	-19	-19	-19	-19	-19	-19	-19	-19	-19	-19	-19	-19	-19	40	-19	39	-19	-19	-102	-19	-19	-19	-19	-19	-19	-19	-19	-19	-19	-19	-19	-19	-19	-19	-19	-19	-19	-19	-19	-19	-19	-19	-101	-101	-101	-101	-101	-101	-101	-101	-101	-99
-20	-20	-20	-20	-20	-20	-20	-20	-20	-20	-20	-20	-20	-20	-20	-20	-20	-20	-20	-20	-20	-20	-20	-20	-20	-20	-102	-20	-20	-20	-20	-20	-20	-20	-20	-20	-20	41	-20	-20	-20	-20	-20	-20	-20	-20	-20	-20	-20	-20	-101	-101	-101	-101	-101	-101	-101	-101	-101	-99
-21	-21	-21	-21	-21	-21	-21	-21	-21	-21	-21	-21	-21	-21	-21	-21	-21	-21	-21	-21	-21	-21	-21	-21	-21	-21	-102	-21	-21	-21	-21	-21	-21	-21	-21	-21	-21	42	-21	-21	-21	-21	-21	-21	-21	-21	-21	-21	-21	-21	-101	-101	-101	-101	-101	-101	-101	-101	-101	-99
-22	-22	-22	-22	-22	-22	-22	-22	-22	-22	-22	-22	-22	-22	-22	-22	-22	-22	-22	-22	-22	-22	44	-22	-22	-22	-102	-22	-22	-22	-22	-22	-22	-22	-22	-22	-22	-22	43	-22	-22	-22	-22	-22	-22	-22	-22	-22	-22	-22	-101	-101	-101	-101	-101	-101	-101	-101	-101	-99
-23	-23	-23	-23	-23	-23	-23	-23	-23	-23	-23	-23	-23	-23	-23	-23	-23	-23	-23	-23	-23	-23	-23	-23	-23	-23	-102	-23	-23	-23	-23	-23	-23	-23	-23	-23	-23	-23	-23	-23	45	-23	-23	-23	-23	-23	-23	-23	-23	-23	-101	-101	-101	-101	-101	-101	-101	-101	-101	-99
-24	-24	-24	-24	-24	-24	-24	-24	-24	-24	-24	-24	-24	-24	-24	-24	-24	-24	-24	-24	-24	-24	-24	-24	-24	-24	-102	-24	-24	-24	-24	-24	-24	-24	-24	-24	-24	-24	-24	46	-24	-24	-24	-24	-24	-24	-24	-24	-24	-24	-101	-101	-101	-101	-101	-101	-101	-101	-101	-99
-25	-25	-25	-25	-25	-25	-25	-25	-25	-25	-25	-25	-25	-25	-25	-25	-25	-25	-25	-25	-25	-25	-25	-25	-25	-25	-102	-25	-25	-25	-25	-25	-25	-25	-25	-25	-25	-25	-25	-25	-25	47	-25	-25	-25	-25	-25	-25	-25	-25	-101	-101	-101	-101	-101	-101	-101	-101	-101	-99
-26	-26	-26	-26	-26	-26	-26	-26	-26	-26	-26	-26	-26	-26	-26	-26	-26	-26	-26	49	-26	-26	-26	48	-26	-26	-102	-26	-26	-26	-26	-26	-26	-26	-26	-26	-26	-26	-26	-26	-26	-26	-26	-26	-26	-26	-26	-26	-26	-26	-101	-101	-101	-101	-101	-101	-101	-101	-101	-99
-27	-27	-27	-27	-27	-27	-27	-27	-27	-27	-27	-27	-27	-27	-27	-27	-27	-27	-27	-27	-27	-27	-27	-27	-27	-27	-102	-27	-27	-27	-27	-27	-27	-27	-27	-27	-27	-27	-27	-27	-27	-27	50	-27	-27	-27	-27	-27	-27	-27	-101	-101	-101	-101	-101	-101	-101	-101	-101	-99
-28	-28	-28	-28	-28	-28	-28	-28	-28	-28	-28	-28	-28	-28	-28	-28	-28	-28	-28	52	-28	-28	-28	51	-28	-28	-102	-28	-28	-28	-28	-28	-28	-28	-28	-28	-28	-28	-28	-28	-28	-28	-28	-28	-28	-28	-28	-28	-28	-28	-101	-101	-101	-101	-101	-101	-101	-101	-101	-99
-29	-29	-29	-29	-29	-29	-29	-29	-29	-29	-29	-29	-29	-29	-29	-29	-29	-29	-29	-29	-29	-29	-29	-29	-29	-29	-102	-29	-29	-29	-29	-29	-29	-29	-29	-29	-29	-29	-29	-29	-29	-29	-29	-29	-29	-29	53	-29	-29	-29	-101	-101	-101	-101	-101	-101	-101	-101	-101	-99
54	54	54	54	-30	-30	-30	-30	-30	-30	-30	-30	-30	-30	-30	54	-30	-30	54	-30	-30	-30	-30	-30	54	54	-102	-30	-30	-30	-30	-30	-30	-30	-30	-30	-30	-30	-30	-30	-30	-30	-30	-30	-30	-30	-30	-30	-30	-30	-101	-101	-101	-101	-101	-101	-101	-101	-101	-99
55	55	55	55	-31	-31	-31	-31	-31	-31	-31	-31	-31	-31	-31	55	-31	-31	55	-31	-31	-31	-31	-31	55	55	-102	-31	-31	-31	-31	-31	-31	-31	-31	-31	-31	-31	-31	-31	-31	-31	-31	-31	-31	-31	-31	-31	-31	-31	-101	-101	-101	-101	-101	-101	-101	-101	-101	-99
-32	-32	-32	-32	-32	-32	-32	-32	-32	-32	-32	-32	-32	-32	-32	-32	-32	56	-32	57	-32	57	57	57	-32	-32	-102	-32	-32	-32	-32	-32	-32	-32	-32	-32	-32	-32	-32	-32	-32	-32	-32	-32	-32	-32	-32	-32	-32	-32	-101	-101	-101	-101	-101	-101	-101	-101	-101	-99
58	58	58	58	-33	-33	-33	-33	-33	-33	-33	-33	-33	-33	-33	58	-33	-33	58	-33	-33	-33	-33	-33	58	58	-102	-33	-33	-33	-33	-33	-33	-33	-33	-33	-33	-33	-33	-33	-33	-33	-33	-33	-33	-33	-33	-33	-33	-33	-101	-101	-101	-101	-101	-101	-101	-101	-101	-99
59	59	59	59	-34	-34	-34	-34	-34	-34	-34	-34	-34	-34	-34	59	-34	-34	59	-34	-34	-34	-34	-34	59	59	-102	-34	-34	-34	-34	-34	-34	-34	-34	-34	-34	-34	-34	-34	-34	-34	-34	-34	-34	-34	-34	-34	-34	-34	-101	-101	-101	-101	-101	-101	-101	-101	-101	-99
-35	-35	-35	-35	-35	-35	-35	-35	-35	-35	-35	-35	-35	-35	-35	-35	60	61	-35	61	-35	61	61	61	-35	-35	-102	-35	-35	-35	-35	-35	-35	-35	-35	-35	-35	-35	-35	-35	-35	-35	-35	-35	-35	-35	-35	-35	-35	-35	-101	-101	-101	-101	-101	-101	-101	-101	-101	-99
63	63	63	63	-36	-36	-36	-36	-36	-36	-36	-36	-36	-36	-36	62	-36	-36	63	-36	-36	-36	-36	-36	63	63	-102	-36	-36	-36	-36	-36	-36	-36	-36	-36	-36	-36	-36	-36	-36	-36	-36	-36	-36	-36	-36	-36	-36	-36	-101	-101	-101	-101	-101	-101	-101	-101	-101	-99
64	64	64	64	-37	-37	-37	-37	-37	-37	-37	-37	-37	-37	-37	-37	-37	-37	64	-37	-37	-37	-37	-37	64	64	-102	-37	-37	-37	-37	-37	-37	-37	-37	-37	-37	-37	-37	-37	-37	-37	-37	-37	-37	-37	-37	-37	-37	-37	-101	-101	-101	-101	-101	-101	-101	-101	-101	-99
65	65	65	65	-38	-38	-38	-38	-38	-38	-38	-38	-38	-38	-38	-38	-38	-38	65	-38	-38	-38	-38	-38	65	65	-102	-38	-38	-38	-38	-38	-38	-38	-38	-38	-38	-38	-38	-38	-38	-38	-38	-38	-38	-38	-38	-38	-38	-38	-101	-101	-101	-101	-101	-101	-101	-101	-101	-99
-39	-39	-39	-39	-39	-39	-39	-39	-39	66	66	66	66	66	66	-39	67	67	-39	67	-39	67	67	67	-39	-39	-102	-39	-39	-39	-39	-39	-39	-39	-39	-39	-39	-39	-39	-39	-39	-39	-39	-39	-39	-39	-39	-39	-39	-39	-101	-101	-101	-101	-101	-101	-101	-101	-101	-99
-40	-40	-40	-40	-40	-40	-40	-40	-40	68	70	71	72	73	69	-40	-40	-40	-40	-40	-40	-40	-40	-40	-40	-40	-102	-40	-40	-40	-40	-40	-40	-40	-40	-40	-40	-40	-40	-40	-40	-40	-40	-40	-40	-40	-40	-40	-40	-40	-101	-101	-101	-101	-101	-101	-101	-101	-101	-99
74	74	74	74	-41	-41	-41	-41	-41	-41	-41	-41	-41	-41	-41	-41	-41	-41	74	-41	-41	-41	-41	-41	74	74	-102	-41	-41	-41	-41	-41	-41	-41	-41	-41	-41	-41	-41	-41	-41	-41	-41	-41	-41	-41	-41	-41	-41	-41	-101	-101	-101	-101	-101	-101	-101	-101	-101	-99
-42	-42	-42	-42	75	76	-42	-42	-42	77	77	77	77	77	77	-42	77	77	-42	77	-42	77	77	77	-42	-42	-102	-42	-42	-42	-42	-42	-42	-42	-42	-42	-42	-42	-42	-42	-42	-42	-42	-42	-42	-42	-42	-42	-42	-42	-101	-101	-101	-101	-101	-101	-101	-101	-101	-99
78	78	78	78	-43	-43	-43	-43	-43	-43	-43	-43	-43	-43	-43	-43	-43	-43	78	-43	-43	-43	-43	-43	78	78	-102	-43	-43	-43	-43	-43	-43	-43	-43	-43	-43	-43	-43	-43	-43	-43	-43	-43	-43	-43	-43	-43	-43	-43	-101	-101	-101	-101	-101	-101	-101	-101	-101	-99
-44	-44	-44	-44	82	82	79	80	82	82	82	82	82	82	82	-44	82	82	-44	82	-44	82	82	82	-44	-44	-102	81	-44	-44	-44	-44	-44	-44	-44	-44	-44	-44	-44	-44	-44	-44	-44	-44	-44	-44	-44	-44	-44	-44	-101	-101	-101	-101	-101	-101	-101	-101	-101	-99
83	84	85	86	-45	-45	-45	-45	-45	-45	-45	-45	-45	-45	-45	-45	-45	-45	89	-45	-45	-45	-45	-45	87	88	-102	-45	-45	-45	-45	-45	-45	-45	-45	-45	-45	-45	-45	-45	-45	-45	-45	-45	-45	-45	-45	-45	-45	-45	-101	-101	-101	-101	-101	-101	-101	-101	-101	-99